37.880578 -121.987574
39.435847 -106.481728
43.312188 -109.854354
32.866052 -117.255148
34.925982 -111.741428
36.158121 -121.672854
49.044703 -121.400642
49.702057 -123.110389
35.83027 -105.759029
44.229172 -71.078447
33.032376 -117.290414
33.047018 -117.297677
44.349079 -68.240396
32.811551 -117.031608
37.773971 -111.432051
33.654762 -118.004171
35.302289 -120.697656
36.400629 -81.079874
45.698547 -84.771612
43.875066 -75.045289
35.654471 -83.437042
35.327284 -75.508743
44.349589 -68.189885
36.962983 -122.00737
44.120162 -72.936226
36.548535 -121.929702
35.945532 -121.478887
48.402044 -122.663464
34.113794 -109.910606
34.048257 -118.933237
49.075665 -120.789184
46.66434 -118.226795
47.528097 -123.337326
27.64491 -82.73941
37.214333 -112.9635
47.668219 -122.419538
32.946667 -116.606689
37.267905 -112.935032
45.769712 -122.243262
41.320985 -74.661669
35.953557 -81.927929
26.893832 -80.056439
38.619033 -78.357238
46.916034 -121.656417
37.002208 -122.185896
34.03495 -118.744354
46.78561 -121.737792
37.749 -119.638366
39.937513 -105.684957
46.700789 -60.922622
34.213381 -118.060712
38.570649 -123.336896
49.689399 -123.133392
43.649249 -71.91443
37.31695 -112.000787
45.633272 -115.942014
43.53448 -115.8481
41.045342 -74.328711
39.340006 -106.140117
38.21006 -86.64082
40.831475 -110.466842
33.466434 -111.602725
44.240279 -68.323974
37.341377 -112.008348
48.747962 -113.446927
43.958225 -71.313972
34.231461 -117.605423
33.193163 -117.384632
44.334377 -71.295019
34.515578 -119.196681
39.430013 -106.488425
34.439477 -119.824447
48.293201 -124.664697
37.341241 -112.008742
26.452631 -82.013883
33.889298 -111.96124
41.497103 -71.130123
43.850374 -71.401519
48.069189 -121.473641
33.657437 -118.001747
34.723166 -83.855334
32.837089 -117.255432
43.053664 -87.880679
44.270402 -71.303586
44.309355 -68.340368
32.955338 -116.58607
38.967357 -79.345191
37.258927 -111.922214
44.1062 -71.42435
34.264026 -117.637481
35.432849 -120.886816
34.91927 -111.746814
36.423371 -114.551911
33.815884 -116.5558
48.068834 -121.470578
38.99579 -110.439108
37.616339 -112.161483
44.329665 -68.188233
44.33671 -71.269576
37.100902 -118.544218
38.996173 -110.439569
33.996675 -118.484973
44.221829 -71.557903
36.423492 -114.55101
38.838445 -105.036463
43.945866 -71.350364
35.30084 -120.696873
39.320354 -120.289306
33.385964 -112.146921
33.656888 -118.00415
41.462797 -77.527256
34.206975 -118.02947
48.676811 -124.893039
36.564151 -121.878633
37.76035 -122.511377
33.986783 -118.473885
48.254834 -124.685618
33.406868 -111.346735
49.286402 -122.84308
38.054321 -81.035317
37.829056 -111.420249
36.578256 -118.293421
40.15451 -105.293698
28.367839 -80.601367
34.117411 -114.123462
33.671782 -118.023376
48.054567 -121.520381
36.28 -121.859834
48.276795 -124.680147
33.194454 -117.386684
45.747708 -122.250643
32.959384 -117.266151
34.739999 -83.937502
43.948276 -71.354999
44.321698 -68.192825
38.842816 -105.043888
36.76744 -118.372009
37.746633 -119.53015
44.250263 -71.330687
48.698494 -124.949356
31.807779 -116.812133
33.406295 -117.607269
48.537735 -123.014398
44.696854 -86.211454
32.748337 -117.253024
37.775094 -122.511709
35.193476 -82.614666
36.838553 -75.970458
34.248769 -117.622573
40.389616 -105.595617
47.462512 -121.639965
48.069031 -121.471533
47.457866 -121.366728
49.338518 -122.835774
48.013554 -121.508789
48.694941 -113.516921
37.905546 -122.682341
40.306833 -105.639473
45.747293 -122.239014
32.350382 -110.822653
47.456542 -120.911692
37.512781 -121.88146
36.159411 -121.672098
46.543918 -87.456672
46.874744 -121.542091
38.64979 -78.317241
39.190954 -106.818523
49.190767 -113.843851
38.457332 -109.246866
33.656459 -118.002262
34.125696 -118.302326
39.332637 -120.990028
35.059228 -83.202552
25.802788 -80.124363
39.387054 -106.100463
44.327701 -71.288604
33.372415 -111.989769
36.562496 -121.876487
32.66698 -79.908328
40.905351 -110.341047
43.865784 -103.532216
33.415448 -111.317435
35.209739 -114.082975
38.960666 -106.360834
47.583321 -121.744557
46.804054 -121.741218
49.971953 -123.035459
34.001344 -118.807439
47.451061 -121.468062
33.281131 -116.433792
47.403977 -121.625722
40.221241 -105.333012
49.340454 -122.864956
48.222992 -124.691702
38.422717 -106.224779
33.593316 -117.946643
46.793199 -121.739437
48.498407 -121.198425
48.863359 -121.706542
48.912685 -121.854085
47.436984 -120.937482
49.958067 -123.081207
41.61172 -83.217144
49.374549 -122.941217
37.841184 -122.552078
48.05503 -121.520045
36.007824 -93.369669
38.479927 -120.014004
37.803375 -122.463355
36.486556 -114.528651
44.335095 -68.284363
43.066034 -70.691421
37.256768 -111.917114
39.012921 -106.863609
38.923693 -120.116701
47.626528 -122.316284
36.951321 -122.026072
33.654066 -118.00209
33.986285 -118.474142
35.464584 -120.649795
35.966405 -82.543167
39.057008 -74.749717
48.683707 -113.741455
38.705397 -106.339395
39.558109 -77.598817
40.825436 -72.525794
33.385012 -114.068298
37.296561 -112.004575
32.96183 -116.572666
45.993068 -123.920013
42.872944 -72.097091
48.074781 -121.763207
36.159178 -121.673433
34.191481 -77.805862
32.924302 -117.259182
36.961414 -122.1072
38.518086 -78.439035
47.413888 -121.547627
33.864856 -118.39528
33.729604 -111.864337
34.13463 -118.321981
49.11568 -121.806793
33.760987 -117.955009
41.284625 -73.992036
37.362633 -112.015345
36.57829 -118.29341
34.677517 -83.849239
36.797464 -118.203964
36.577894 -118.293507
46.793493 -121.726777
31.896494 -104.845627
47.441788 -121.590671
35.8231 -117.9986
48.828113 -121.850738
49.067793 -125.750198
45.767571 -122.242211
38.996874 -110.430171
46.995586 -121.910648
41.91997 -70.026855
49.665405 -123.156566
33.161049 -117.359433
47.441324 -121.590671
47.434387 -121.741476
39.289604 -74.552621
41.344855 -106.283798
43.949698 -71.357574
33.593503 -117.882222
49.392611 -123.082365
40.066084 -105.615853
36.958062 -122.022378
39.335526 -106.107754
45.632083 -115.944761
33.542668 -117.783055
48.950416 -124.2132
38.566832 -107.750848
33.419406 -117.619843
33.653173 -118.002605
48.725333 -125.104323
47.660697 -122.430031
33.047621 -117.298643
33.475553 -117.721681
49.852815 -123.002929
34.24885 -117.62237
38.78887 -104.903145
34.282768 -117.638425
44.23094 -71.078013
33.414669 -111.321372
46.911578 -121.638221
36.832903 -75.969107
40.031658 -105.267667
35.532195 -82.554391
38.995473 -110.425837
34.099958 -118.729795
38.650528 -78.319473
43.24514 -70.774698
37.2785 -112.956334
36.577997 -118.293507
33.654561 -118.003919
37.322617 -113.045456
33.656084 -118.004096
49.406969 -122.937698
47.475295 -121.65834
35.816142 -105.769844
44.00828 -68.655152
48.569565 -110.300674
33.105104 -116.600164
46.451518 -86.606941
33.655119 -118.002439
45.550315 -122.78086
46.900982 -124.132202
37.890849 -122.634823
45.763661 -123.974747
30.217245 -85.880985
33.322209 -105.682425
32.759562 -117.048339
43.165999 -74.497861
38.899917 -104.885444
39.641652 -105.820655
41.293574 -124.088438
40.06881 -105.618953
44.334162 -71.295052
33.382361 -117.588365
33.655825 -118.00356
37.585466 -118.864259
48.136122 -122.761402
37.809105 -122.473955
47.969338 -123.498473
49.21384 -121.818466
37.830836 -81.062922
49.140182 -121.793231
36.578269 -118.293431
45.92633 -68.856478
39.815384 -106.358288
46.828636 -121.726069
33.59328 -117.874524
34.682805 -120.605678
37.955161 -122.784404
44.328242 -71.289516
49.210869 -125.964088
42.191787 -74.070113
43.298197 -109.851779
43.000378 -70.766372
33.606555 -117.930501
38.679982 -106.336004
35.989622 -82.49093
34.81895 -111.792261
33.563023 -112.028555
34.174938 -118.094306
42.477667 -71.897621
32.336931 -110.9099
47.786806 -121.571102
37.619468 -122.485031
34.82705 -111.806831
33.510086 -117.752526
34.242558 -119.267648
34.034257 -118.677685
33.462952 -117.679281
33.362721 -112.013854
38.473628 -110.200363
32.998183 -116.665457
44.255281 -71.32204
44.334615 -71.295357
40.583611 -73.815819
48.527143 -123.480899
40.70605 -111.764516
35.710837 -83.463134
36.578303 -118.29341
32.997623 -117.276477
36.166428 -112.379493
33.009239 -116.97298
37.549136 -122.515132
47.799953 -123.706719
47.859893 -122.334308
35.966232 -82.542823
36.2498 -121.6909
39.294894 -120.510663
47.41408 -121.473925
41.24361 -70.090885
36.276005 -117.078981
36.26649 -121.842945
37.899675 -119.2211
45.573677 -116.682701
47.513995 -121.485594
37.728794 -122.507257
33.555343 -79.016847
47.48 -121.467945
44.324776 -71.284623
48.068806 -121.472136
33.064355 -117.30566
41.998794 -74.387741
32.954211 -116.590208
48.254726 -124.684846
44.189958 -71.610517
33.274471 -116.425799
45.61968 -123.481349
48.068978 -121.4712
39.935473 -105.800228
35.794855 -105.772717
27.875012 -80.455713
45.627026 -115.950157
39.338537 -106.128487
44.32833 -71.28067
34.882551 -111.73851
34.145712 -118.960175
40.246122 -111.622145
49.067568 -125.765991
37.021348 -122.212697
47.382381 -121.376545
48.061783 -121.516975
37.495332 -122.49494
40.789379 -110.453109
37.341588 -112.008942
37.633461 -122.496432
33.579683 -117.853585
34.247638 -119.267588
33.649784 -111.863418
32.955232 -116.594262
29.055269 -80.90538
33.753888 -111.298198
36.255001 -115.537376
36.012572 -105.641992
37.723071 -119.645233
43.656213 -71.907997
30.39294 -86.495773
43.73439 -74.075317
43.985898 -71.425209
35.21 -106.449667
47.435867 -121.781215
44.260507 -64.281489
35.324518 -120.453876
38.974333 -106.373167
39.635703 -77.446575
48.417239 -109.727239
39.961879 -105.510726
39.41588 -106.099329
40.859103 -110.37996
37.27873 -111.984273
37.753742 -119.59927
38.598518 -78.37361
48.590688 -86.304559
33.654852 -118.004343
35.084499 -106.6511
36.959545 -122.025575
40.86189 -111.833546
33.978367 -118.468344
49.102645 -120.162963
39.698569 -120.672283
35.305836 -120.655095
28.065003 -82.833416
42.744743 -108.81649
48.784699 -113.733901
38.840242 -105.044403
32.130268 -107.611083
47.406482 -121.621742
41.213779 -74.445247
45.748083 -122.248604
33.978634 -118.469867
49.301844 -123.116312
33.575297 -117.795839
47.518558 -121.996637
40.289657 -105.640239
33.193916 -117.385268
43.940242 -71.332855
33.256888 -111.160644
34.837587 -92.494508
33.064562 -117.303639
42.923057 -122.160312
34.109157 -109.905263
35.155071 -120.676788
48.958766 -124.244017
33.457152 -111.483335
35.664967 -83.434982
36.835316 -75.970158
33.830212 -118.391075
32.737725 -116.129093
41.488608 -71.266883
32.899855 -105.911003
36.012935 -93.380012
33.477522 -117.723226
35.303191 -120.649774
37.099567 -118.543403
37.878537 -121.98929
44.082406 -71.494989
38.5991 -78.373739
38.298424 -75.105285
44.32044 -71.291629
39.32716 -77.725535
35.320325 -120.656962
30.376577 -86.37391
30.599493 -103.909249
49.146878 -120.637178
48.957433 -124.236467
40.657266 -111.774086
39.326928 -106.128787
35.301703 -120.697549
36.273133 -121.843185
44.142767 -71.681177
37.491025 -122.501592
43.936658 -71.26831
40.48247 -121.510848
44.388809 -68.211456
36.41624 -114.591908
35.27526 -120.673205
33.598427 -111.809835
37.597759 -122.502772
44.25983 -71.307792
35.818439 -118.024449
32.861835 -105.900027
42.123366 -74.419262
31.983266 -104.784179
42.737178 -108.839836
34.797523 -111.761598
32.829899 -117.281026
43.949821 -74.495086
46.786852 -121.740489
36.522022 -121.950978
34.016526 -118.824863
48.499179 -121.064701
37.734951 -122.507686
37.359116 -112.016934
35.104883 -106.489963
33.737634 -118.107876
44.09005 -71.478767
47.411673 -121.344857
34.00757 -118.496003
36.974018 -122.030952
43.92479 -71.37062
39.990913 -105.297845
37.598166 -122.5025
40.310008 -105.655163
37.246333 -118.9075
26.612831 -80.036226
42.858593 -72.090677
33.382397 -117.587742
35.618093 -83.795728
40.4508 -105.750446
37.504219 -122.500128
34.098585 -118.569774
33.080472 -117.138773
38.79343 -104.908404
48.538083 -123.016726
36.989442 -122.168564
38.779697 -109.591278
37.2495 -118.9145
33.655173 -118.004279
47.46253 -121.640512
48.796574 -113.658413
40.458752 -106.801142
33.903084 -118.42221
33.654977 -118.004676
29.14681 -80.964689
48.060234 -121.792438
38.61557 -109.61692
38.0171 -122.8537
35.980137 -121.473244
38.702341 -106.345939
37.848493 -79.078495
43.559599 -73.60965
36.2463 -121.7235
48.733513 -113.721174
33.655378 -118.003463
42.041134 -74.395813
34.611992 -85.095613
26.187868 -81.814992
33.97737 -118.468966
32.329134 -110.809736
46.902472 -124.131864
31.445918 -110.312004
33.673898 -118.027281
48.068902 -121.472015
28.356472 -80.607912
38.914043 -104.903962
45.922199 -68.852273
38.940768 -78.666267
37.814425 -107.805833
35.755672 -82.272062
39.278958 -74.560378
37.997972 -119.298959
33.984289 -118.473612
48.70365 -113.679656
32.804915 -117.262444
33.595711 -117.883343
37.84546 -119.422245
34.121468 -118.934168
38.953869 -120.10065
44.74972 -70.541839
33.654557 -118.003946
40.59595 -111.672291
33.414947 -111.361498
33.543111 -117.786741
48.722955 -125.073456
43.317684 -109.862937
48.772482 -113.747634
48.491027 -120.484517
47.435983 -121.780185
36.95128 -122.026433
44.098865 -71.419887
37.495835 -122.497386
49.942493 -123.055458
47.689948 -122.40323
36.035218 -111.831207
46.85526 -121.763534
35.326015 -82.853457
44.188235 -71.554641
30.303983 -87.547645
41.420847 -70.703372
38.551676 -78.311856
49.009332 -121.408967
40.084474 -105.595865
34.740032 -83.937497
34.885825 -111.742758
33.38089 -111.273
28.953235 -95.281248
35.7544 -82.273135
33.655905 -118.003313
39.788644 -119.476014
33.374333 -117.558834
47.41599 -121.478227
46.796798 -121.730103
44.246797 -71.296226
49.121073 -113.997573
28.319285 -80.610305
44.335221 -68.253212
44.258724 -71.310882
33.910029 -109.116554
39.627788 -106.369199
34.13496 -116.314598
36.833564 -75.969429
39.51662 -105.30532
33.517144 -111.967177
43.312563 -109.853668
33.517157 -111.967163
33.654753 -118.003592
37.987 -122.8133
43.245515 -79.742975
36.106537 -82.107009
44.162469 -71.649117
44.542557 -72.815194
40.614473 -112.137279
40.068942 -105.618739
48.685747 -121.098518
41.642002 -72.812619
37.275055 -111.977798
33.194999 -117.383834
44.881736 -86.048505
44.148017 -71.644603
49.008347 -113.863464
37.662913 -119.662914
36.950577 -118.69234
33.045429 -117.29251
34.66056 -77.0333
33.728346 -111.859509
43.634211 -110.839691
40.580486 -111.592619
43.311876 -109.855728
36.442327 -114.513931
49.35535 -122.601928
44.412692 -110.575332
33.72972 -111.864391
34.7395 -83.936834
40.840607 -72.478217
38.669922 -106.331981
35.471 -118.7505
34.406343 -119.845733
42.630359 -70.616426
43.92547 -71.376113
40.533306 -111.694221
39.750225 -105.312967
44.366139 -121.144652
26.355574 -80.062179
44.274106 -71.307106
33.192264 -117.38471
47.626991 -120.790557
48.758735 -113.728837
44.347514 -68.228466
43.64991 -71.914958
33.360921 -112.014833
43.85644 -110.591382
34.838199 -92.496761
32.771416 -117.253003
35.675007 -83.497123
37.738548 -122.51172
49.133205 -125.905723
45.929288 -123.978653
39.953333 -105.299167
33.655066 -118.00386
38.357457 -123.067635
39.559993 -74.236507
33.432014 -111.411666
35.322207 -82.846462
46.778433 -121.744995
38.001641 -107.812957
37.814204 -107.807722
43.104833 -124.435036
34.047866 -118.93298
34.003174 -118.807954
36.058813 -118.12972
46.580043 -112.051877
44.07032 -103.826293
38.701612 -106.339802
47.444851 -121.387097
37.849628 -79.077723
36.961868 -122.023215
35.300135 -120.549201
47.499441 -122.008039
45.902885 -68.927299
33.454109 -111.480245
49.688153 -123.163433
47.406235 -121.623169
33.591743 -115.942765
47.657441 -70.618358
35.965363 -82.472579
34.37625 -119.480137
36.992347 -122.170345
33.460661 -105.756969
36.953955 -122.02579
27.640044 -80.356063
49.942493 -123.056488
33.832137 -111.996173
37.256737 -111.914212
33.379565 -114.079971
35.913801 -81.886296
35.705541 -118.063888
37.95956 -119.787422
33.862647 -110.948009
34.851002 -111.748294
32.947184 -116.606811
47.982855 -121.465659
33.782821 -116.554319
32.796654 -117.015037
37.341416 -112.00932
43.943024 -71.333026
43.778716 -110.78742
35.040116 -120.60379
44.332175 -71.30224
32.977708 -115.173282
39.417471 -106.110307
46.002685 -123.924407
43.671844 -110.87574
36.290555 -121.833612
39.394963 -106.095937
49.365055 -122.856438
38.479361 -119.999799
49.156562 -125.906066
33.655923 -118.004102
46.901391 -124.132412
33.356197 -117.537488
48.22227 -124.254341
43.944507 -71.350021
38.669202 -106.332292
33.655463 -118.004123
48.701172 -113.667769
33.654994 -118.002433
33.378656 -112.419936
37.334951 -119.320449
40.310114 -105.663585
33.987748 -118.476133
40.583012 -73.651875
41.473538 -71.247067
40.802477 -109.536523
37.215087 -112.931385
44.245052 -71.296613
37.362022 -80.173029
46.917148 -121.643629
43.920153 -71.352767
38.792953 -104.918704
38.055259 -81.034834
44.13941 -71.651115
37.778029 -122.514048
33.511927 -111.966855
44.350368 -68.190679
33.882886 -118.412253
34.248286 -117.615981
33.419012 -117.621474
43.296073 -109.850234
28.080916 -82.830905
34.052161 -118.566598
36.522 -121.9525
32.86516 -116.279575
33.985715 -118.47609
33.029965 -117.288494
33.786628 -116.741076
40.589449 -73.674316
37.097582 -122.281479
47.424443 -121.583075
46.192665 -122.188568
37.258832 -111.923776
44.027946 -121.730677
41.450752 -73.981547
33.827075 -116.507263
44.191312 -73.845291
37.432558 -118.742787
38.669017 -106.331573
32.851245 -117.273731
44.196974 -71.551723
36.522166 -121.951834
47.452752 -121.378342
48.490764 -120.48529
43.783984 -110.804243
34.736166 -83.930834
36.106576 -112.079204
37.988 -122.8077
48.439422 -120.20296
37.493502 -122.514467
34.738666 -83.936334
44.326394 -115.648631
39.629159 -105.869107
48.070806 -121.466211
33.894036 -118.418562
33.655231 -118.003882
49.168236 -121.688518
37.845041 -119.422073
37.81829 -107.802314
36.951195 -122.025489
37.819887 -107.799997
37.810508 -122.476347
35.304671 -120.693665
47.498666 -121.755834
33.351125 -112.072756
45.720802 -121.694698
32.748914 -117.253099
37.863351 -121.962908
42.718074 -108.914165
37.834395 -122.539572
39.119107 -106.443916
35.314354 -120.651254
33.655137 -118.003635
44.232808 -71.355664
35.757152 -82.271225
44.260184 -71.317963
35.303401 -120.649827
38.578231 -123.318872
37.749102 -119.52743
48.855519 -121.684445
36.95758 -122.025597
39.558314 -74.237977
38.39988 -76.405792
32.747877 -117.25341
42.368468 -73.289709
35.324 -82.877167
47.940266 -121.340646
39.935605 -77.449815
34.221126 -118.347709
33.607256 -117.930035
36.543984 -118.063888
32.70987 -117.172579
49.850491 -122.998466
34.19634 -118.101055
40.399987 -105.663741
30.114691 -85.724601
33.655115 -118.003367
35.302762 -120.649795
47.380878 -120.886122
40.457625 -105.744352
40.157262 -74.020085
46.852091 -121.504497
33.674461 -118.025994
49.080668 -113.962469
34.404466 -119.844102
36.253392 -121.778297
45.763451 -123.97685
48.787866 -113.720169
47.529949 -121.49202
47.984694 -121.464328
33.779147 -111.218376
34.927134 -111.737952
33.655178 -118.001532
47.437841 -121.498231
45.21722 -123.976426
32.876712 -117.25135
36.162688 -112.708725
49.697727 -123.144378
33.621309 -118.031021
36.385429 -116.82003
37.391981 -118.98468
35.890266 -81.883249
48.054833 -121.519614
44.229994 -71.077943
33.893698 -118.417704
36.961851 -122.118777
33.041838 -117.295961
38.980295 -114.312572
36.2455 -121.7545
36.082592 -81.828585
32.782656 -117.114257
44.976578 -110.683822
33.730407 -111.865164
33.653878 -118.002723
32.921096 -117.25708
37.805443 -122.468719
41.048563 -74.330062
46.585057 -112.075653
47.43652 -121.777245
33.814449 -116.679171
44.334274 -71.295084
40.654824 -110.971763
43.290201 -109.846458
34.110727 -118.924309
37.813848 -107.808108
48.639998 -120.540018
37.285166 -112.9475
33.655178 -118.004207
35.302885 -120.695725
32.770983 -117.253088
44.223898 -71.080158
33.903689 -118.423465
47.346578 -88.448935
48.156638 -123.17768
48.011113 -121.442956
43.104887 -124.435186
37.809915 -107.803237
40.584006 -73.813297
35.352166 -120.815
47.452614 -121.378492
37.433231 -79.605088
33.65587 -118.003281
36.798056 -118.198932
40.351024 -105.602474
33.757599 -111.456298
33.414991 -111.321566
36.950474 -122.024719
46.349208 -124.060578
41.785393 -74.139175
39.735813 -105.249474
48.49038 -120.481342
48.066637 -121.477873
32.670159 -117.244377
43.312188 -109.853582
49.105117 -121.89228
42.859608 -72.106018
33.654601 -118.004665
48.76988 -113.693647
32.954145 -116.602923
49.680285 -123.153562
32.829683 -117.280962
41.031211 -71.953727
35.985889 -121.49188
37.861301 -119.490737
33.742561 -118.105171
33.518266 -111.978224
48.846643 -121.692123
43.241576 -70.589282
38.976746 -79.337339
37.59696 -122.503738
39.94175 -74.069684
48.715716 -125.035889
44.326879 -71.287027
39.052784 -120.120391
40.163311 -74.018524
36.473478 -111.92768
34.372938 -119.477552
40.452564 -105.687274
48.265155 -124.681456
38.70274 -78.549785
33.983616 -118.474845
44.52476 -72.809797
48.540875 -124.450807
44.913055 -86.038612
38.9595 -106.350334
37.635984 -118.97644
38.478353 -120.002042
34.722269 -83.856094
37.480179 -111.214009
48.068791 -121.469644
35.311229 -120.652992
47.410666 -120.795166
33.593385 -117.881203
33.654557 -118.004021
47.873065 -119.067463
35.980237 -121.473405
44.20405 -71.600561
31.808727 -116.810588
38.689384 -121.073753
34.084981 -116.868112
33.514722 -111.963033
37.750943 -112.305872
37.811831 -107.801413
34.262417 -118.804425
39.281267 -74.558737
46.903281 -124.133963
44.147971 -71.64457
48.068608 -121.47031
43.542389 -73.562221
49.300081 -122.223801
33.730282 -111.865346
45.567158 -122.118315
34.037777 -118.583889
34.740017 -83.937521
37.601983 -122.499607
33.985119 -118.474019
34.033599 -77.893409
43.92479 -71.370277
36.963266 -122.119817
34.249465 -117.631714
37.819578 -107.803516
48.70723 -125.001728
49.139719 -125.908813
40.583285 -73.647108
38.00345 -107.650308
48.7204 -125.056289
34.613047 -85.095108
33.389369 -117.580642
33.606376 -117.930856
40.30461 -105.645818
33.423239 -111.331125
47.036321 -121.533502
45.759768 -123.965778
44.416294 -110.570418
44.138609 -71.667423
31.920568 -109.982993
48.603403 -120.556755
33.350243 -117.528358
43.902901 -110.648975
48.066723 -121.763652
48.686336 -124.918303
36.951302 -122.026015
44.325693 -71.284183
36.2472 -121.753
45.537617 -122.168758
44.059883 -121.769066
47.429001 -121.407873
39.261994 -77.394084
34.221046 -118.347837
36.955271 -122.024599
40.258847 -105.602645
40.687081 -111.788978
43.76818 -122.533779
42.388726 -73.41
42.133956 -74.047186
32.725938 -117.258152
44.831442 -93.445265
43.105103 -79.226424
33.419701 -117.620535
46.915799 -121.626205
34.074799 -116.400468
37.85818 -121.956664
40.583078 -73.643503
33.194311 -117.386512
49.948544 -123.018969
33.514921 -111.961841
36.971126 -121.953687
40.028567 -105.302045
26.896697 -80.058016
36.004118 -112.004241
37.810453 -122.476015
34.167881 -111.930702
34.19555 -118.101646
34.739978 -83.937522
48.225852 -124.695886
35.35203 -120.813441
35.816103 -121.356997
34.931875 -111.74838
33.390459 -114.106063
40.535842 -111.691421
39.595454 -105.747506
38.326591 -123.070778
37.708269 -119.711837
44.348404 -68.191537
44.231051 -71.077846
48.674073 -121.078262
35.302767 -120.654269
36.847285 -75.973704
34.927143 -111.751191
33.103356 -116.587976
47.269716 -121.163982
47.479983 -121.467931
39.397255 -106.106509
47.462556 -121.640737
39.960333 -105.295167
33.977104 -84.57859
42.646081 -73.99675
46.802115 -121.72873
42.186333 -74.060334
47.46212 -121.36565
44.303013 -71.323113
33.195155 -117.38589
43.319557 -109.860191
39.735887 -105.255911
32.803161 -117.237876
43.568451 -71.696949
48.681667 -113.739738
42.939074 -70.794578
35.271488 -82.89402
43.762354 -110.61593
42.859733 -72.103271
48.247468 -124.701282
39.397452 -106.105542
44.197343 -71.552238
36.951469 -122.02609
40.583131 -73.698552
37.786589 -122.494597
48.482202 -120.509408
38.9535 -119.946667
44.230913 -71.078072
38.790682 -109.604163
33.420266 -117.621002
41.508111 -71.067864
36.430105 -114.476873
48.82201 -113.558635
36.963043 -122.007456
40.808413 -110.381226
40.32007 -105.604272
44.056628 -70.706119
44.186481 -71.572
46.929634 -121.835889
32.939034 -117.261972
48.679967 -121.065216
36.209377 -112.074966
35.765353 -83.212208
36.291192 -115.68655
32.316559 -110.81554
43.79018 -110.734119
33.785594 -116.521425
32.733054 -117.257101
35.282061 -120.646705
44.661468 -120.278856
36.578252 -118.293399
40.797262 -110.360026
36.604504 -118.666763
32.669689 -117.245428
48.119923 -123.432769
33.621052 -117.943382
35.795041 -105.772317
47.842888 -123.191757
33.444655 -111.510844
38.842891 -106.13314
46.818152 -121.738128
45.909062 -68.956525
37.754039 -119.601373
35.303248 -120.649259
32.954151 -116.602921
37.99623 -107.811241
35.753373 -82.273714
36.434783 -104.995136
37.831425 -122.54042
43.648826 -71.914331
39.99285 -105.296442
33.620785 -117.943038
44.647585 -120.266153
33.372725 -117.565544
47.504652 -120.994589
32.189995 -110.611381
39.2999 -74.533824
40.809359 -110.372267
35.273372 -119.74205
40.440121 -74.094028
36.96054 -122.002079
39.978673 -75.133674
42.192157 -74.069652
37.596977 -122.504382
44.797428 -110.434226
36.420121 -116.812316
35.928154 -115.070478
49.134104 -120.602416
33.750284 -118.129355
34.206797 -77.794747
42.862124 -72.065162
33.045984 -117.29469
33.373791 -117.567502
37.809509 -107.804117
43.656493 -71.908279
43.312313 -109.853668
33.445479 -117.603836
46.828269 -121.795678
38.609761 -75.061554
36.1578 -121.673026
48.7159 -125.036167
34.355496 -77.640327
37.683603 -119.168604
33.952473 -112.38533
33.46613 -111.598327
49.648444 -123.166651
35.960622 -81.863422
33.625206 -117.951664
44.327048 -71.285396
36.583709 -118.708627
33.169053 -117.283953
39.244688 -120.280503
36.593737 -121.935002
48.001667 -121.638664
42.991119 -70.755987
47.416621 -121.478753
44.137646 -124.128277
36.2496 -121.6989
41.428848 -73.963909
48.053305 -121.520327
47.657776 -70.615946
45.58377 -116.489753
33.655245 -118.002648
48.48985 -121.094109
46.91404 -121.640281
47.490108 -121.946159
30.389016 -86.536645
37.550353 -122.513791
35.306912 -120.650482
40.863635 -111.836603
48.662241 -124.835487
34.035172 -118.678876
36.601696 -118.121116
33.984808 -118.47536
36.951315 -122.026326
47.469405 -121.430414
34.073101 -116.402474
47.601649 -80.422153
49.006855 -121.410169
38.9745 -106.373
48.723055 -125.073467
34.736166 -83.931001
41.353618 -106.293411
36.16175 -117.081491
45.634191 -115.939503
33.655896 -118.004128
40.086789 -105.612323
31.925267 -109.988164
48.79533 -113.653907
33.654378 -118.004568
48.825542 -114.20876
37.750883 -119.595923
41.318624 -74.002103
31.929146 -109.993228
47.509084 -121.723709
48.855558 -121.684437
32.898038 -116.982421
34.659987 -77.033729
35.165011 -120.69241
39.185965 -106.474685
26.893147 -80.056707
36.455427 -114.502429
33.047873 -117.298665
43.829325 -110.824842
44.343186 -68.192739
45.904515 -68.9223
34.018518 -118.504028
37.321647 -112.002862
37.256127 -111.913903
48.070723 -121.4662
34.260656 -119.191317
36.949205 -122.056635
49.949866 -123.020267
48.70365 -113.711929
49.146513 -120.630741
47.60894 -120.802917
48.068798 -121.470653
36.422439 -114.544873
48.270568 -124.680747
40.43643 -105.706329
41.669321 -74.360275
32.879623 -117.254762
49.115315 -122.109861
33.654476 -118.003978
46.276673 -122.214961
48.070444 -121.466683
37.295561 -111.993562
42.727469 -108.874855
44.949067 -124.033927
44.353053 -71.10212
40.386362 -111.604329
36.41662 -114.616971
40.48409 -105.48384
43.974781 -71.403408
39.391111 -106.078156
33.836658 -118.341659
33.655995 -118.00415
32.749167 -117.25399
35.303016 -120.651319
35.214551 -114.085947
39.283659 -74.557213
33.018955 -117.282314
34.919301 -111.746814
44.214325 -71.595411
34.027481 -118.753366
33.607654 -117.929331
33.986948 -118.473633
46.779843 -121.740875
49.139108 -125.911109
37.812409 -122.477624
38.91775 -106.965808
49.407151 -122.937923
42.861464 -72.109408
37.772885 -122.512793
37.807274 -107.815361
48.053931 -121.52117
37.732846 -119.558458
39.7874 -105.815806
35.794305 -105.773087
33.19309 -117.387113
39.385888 -106.061664
44.347545 -68.231277
40.737697 -110.912818
33.04827 -117.089461
26.87191 -80.052627
43.649704 -71.914205
48.898947 -121.598138
48.023998 -121.643837
44.644086 -120.285251
46.371517 -75.00555
48.40152 -122.656492
37.295127 -112.012503
47.657368 -70.61835
38.599415 -75.925269
46.786852 -121.735178
40.07702 -105.571146
34.182269 -119.237365
47.436448 -121.777331
43.654389 -71.89961
46.901388 -124.132412
38.549776 -78.207743
37.361254 -80.17348
33.152445 -117.349605
39.261665 -77.395157
45.078793 -72.549333
36.951143 -122.025747
39.251518 -77.39328
32.954877 -116.595837
32.994662 -117.27283
33.593913 -117.882163
33.202938 -117.393765
34.19662 -118.100865
37.597666 -119.273834
41.451476 -76.623973
42.204616 -74.035835
33.777078 -111.21211
46.897269 -121.661911
49.386507 -123.075392
33.420266 -117.620487
34.851486 -92.483339
38.903991 -120.094745
36.96045 -122.02082
47.436331 -121.778426
38.90673 -120.09526
44.330064 -68.338308
38.946166 -119.964667
36.561945 -121.882452
36.489506 -114.53247
33.654816 -118.004482
40.001089 -105.294942
48.771577 -113.709697
35.301922 -120.649924
47.510476 -121.725082
26.316333 -80.074667
43.864918 -103.534727
36.418019 -114.595084
34.820744 -111.762628
35.653913 -83.435653
36.290555 -121.834167
47.81029 -121.451288
47.412341 -121.471329
33.046703 -117.298241
43.756402 -110.81995
35.300468 -120.697066
36.834294 -118.084745
37.832818 -119.491596
33.607721 -117.929906
43.649428 -71.914154
39.590849 -105.686974
39.593205 -105.745521
33.255385 -111.155494
43.711316 -110.673136
43.655899 -71.908666
33.516853 -111.412181
45.748356 -122.238414
39.590906 -105.733999
37.292894 -111.993176
48.067018 -121.762637
40.704326 -121.399269
47.868401 -119.079394
33.460965 -117.70812
33.752318 -111.308155
36.157653 -121.672704
48.490451 -120.481363
48.829356 -114.20022
34.1201 -118.497108
33.653923 -118.004
41.326141 -70.751405
33.655621 -118.003581
33.658317 -118.006306
48.699033 -124.948756
44.216001 -73.861126
33.540643 -117.783222
36.105289 -82.088041
40.395591 -105.680204
45.40134 -121.58973
33.777292 -118.407554
49.399883 -122.935177
44.220199 -71.406219
34.038826 -118.581576
39.413943 -106.091572
32.900488 -112.183284
40.583868 -73.698306
37.714885 -119.677591
38.208738 -75.168414
44.971106 -123.860893
33.064895 -117.305059
36.413753 -114.557662
34.872231 -83.809638
38.522039 -75.053057
47.470693 -120.88869
47.442833 -121.590328
48.865604 -121.678251
42.087267 -74.120635
46.299508 -122.108917
34.418239 -119.712524
40.411121 -111.810119
48.066275 -121.474869
44.431473 -71.107474
44.333997 -71.294912
37.548719 -122.514467
36.169949 -117.089222
36.571285 -118.316187
32.772399 -117.251258
39.66137 -105.204316
29.877564 -81.278915
37.900255 -119.221529
48.248611 -124.696079
35.635185 -83.379707
37.99809 -119.298702
36.952862 -122.025725
34.841395 -92.485817
33.627198 -117.954883
32.847 -117.278387
37.597599 -119.273804
34.918733 -111.745676
44.339565 -68.258056
31.922007 -109.984495
44.192666 -71.606225
34.044249 -118.934109
33.386883 -117.594324
40.400816 -105.618267
40.446881 -111.693019
33.373709 -111.987841
33.67889 -118.001571
44.248526 -71.335623
44.330479 -71.299896
44.152093 -114.938951
33.023849 -117.285919
36.279153 -115.66183
47.460245 -121.640281
49.933488 -123.064899
37.810556 -107.776651
38.627566 -78.338871
41.434144 -71.455314
47.937039 -124.646072
37.296555 -112.010064
32.869968 -117.247879
37.815459 -107.803902
48.899483 -123.409252
33.275435 -116.872558
42.869862 -72.09177
34.031838 -118.682732
49.07589 -125.84753
37.296886 -112.003037
36.052984 -112.013854
43.245265 -70.774526
40.170482 -74.013905
38.982922 -110.39593
35.289522 -120.882568
47.035963 -121.533932
45.571334 -122.124152
35.682607 -83.317415
29.174646 -80.979881
42.96202 -72.889426
48.097343 -121.000671
26.893846 -80.056729
46.902474 -124.131864
37.39291 -80.03671
33.462227 -117.714198
32.967169 -105.846083
43.649705 -71.914204
44.231316 -71.077626
44.257479 -71.318897
43.703622 -110.672922
37.774921 -83.698139
41.965122 -87.63545
34.039502 -116.196126
48.24994 -124.694974
34.248233 -117.621999
38.124042 -119.572975
37.495795 -122.498935
35.365535 -120.854115
37.949476 -119.219727
47.986101 -124.672658
36.618489 -117.111124
38.742368 -109.496033
44.261429 -71.194496
37.272311 -112.950593
35.305608 -120.650353
44.227426 -71.365041
32.947199 -116.6068
33.516669 -111.965166
36.816225 -118.093414
44.143783 -73.986568
36.691031 -117.585639
33.383077 -117.588129
33.661496 -118.005523
39.97707 -75.143694
34.739964 -83.93751
48.41006 -122.648792
37.998885 -107.808151
35.448294 -120.906322
33.655003 -118.003549
33.381572 -117.585639
49.005109 -121.670494
36.450836 -114.514789
41.93753 -69.98085
47.44345 -121.085195
44.113903 -71.342854
33.192587 -117.385311
40.289334 -124.356007
35.822754 -121.328287
28.367666 -80.601667
44.797718 -110.433647
34.925823 -111.741042
33.416073 -117.617214
38.713107 -109.583129
34.739986 -83.937522
47.415412 -121.474419
43.844447 -103.56098
32.790016 -117.256908
45.909032 -68.957769
39.635175 -105.815334
49.86095 -126.401517
43.851163 -103.549318
31.89138 -104.860654
42.192821 -74.061927
34.180681 -118.045617
37.82648 -79.120767
42.936663 -70.795898
48.066698 -121.475191
36.960188 -122.019782
44.164474 -71.665191
46.918936 -121.65307
38.449478 -123.114921
26.316805 -80.073809
44.057848 -86.515188
36.414638 -114.552823
46.777022 -121.747741
48.068992 -121.471844
39.325799 -74.507217
39.450119 -106.474423
43.308941 -109.857788
49.786892 -122.988767
39.938303 -105.690021
33.65403 -118.003764
36.169444 -121.685
33.65737 -118.001961
35.814981 -82.144131
33.37324 -117.56514
40.42565 -111.640834
47.406845 -121.621634
44.224782 -71.603651
47.188283 -122.250666
31.914639 -109.975569
44.31132 -68.347234
48.060499 -121.51587
33.654655 -118.003678
27.215556 -80.419924
44.353038 -68.224325
46.60078 -87.484302
35.331337 -82.847986
47.43877 -121.587238
38.911472 -120.060396
46.844694 -121.629638
33.372598 -111.991509
47.588729 -121.541033
41.045039 -74.350694
32.909626 -116.574597
38.895174 -120.115413
44.218084 -114.948368
33.65499 -118.004107
35.98993 -82.494598
37.359516 -112.01867
39.657191 -106.317036
42.621312 -70.625309
34.736333 -83.930834
34.721599 -83.856545
45.904194 -68.921055
34.03313 -77.894378
44.270333 -71.303404
33.563251 -117.82382
47.575118 -121.737753
44.155977 -71.639871
35.949957 -121.481065
36.57826 -118.29341
48.678267 -121.072769
39.590212 -105.680794
36.417932 -114.596972
32.759562 -117.204895
48.618612 -120.520706
36.383839 -116.819257
37.378052 -80.156528
38.904259 -120.093372
43.914851 -71.320624
33.362063 -112.011481
36.832439 -75.968914
48.060356 -121.516299
39.989969 -105.294266
37.593219 -118.85117
33.985849 -118.476433
36.578282 -118.293399
48.094706 -123.760128
37.480298 -111.213022
38.767316 -75.081995
33.886101 -78.435392
33.972121 -116.075706
49.149896 -122.051711
35.793222 -105.775173
36.952498 -122.023601
32.749889 -117.254419
43.656498 -71.908301
38.742 -78.488688
33.461216 -111.477702
36.964277 -122.124592
34.196629 -118.102748
44.256142 -71.323156
33.07555 -117.14331
33.764967 -116.499731
43.639118 -110.662107
33.412502 -111.322231
34.190328 -77.806119
36.830786 -75.968871
45.293486 -121.79203
49.362923 -122.507214
36.721411 -105.12165
45.908457 -68.95955
47.665647 -116.773166
38.418544 -109.918813
38.904526 -120.096977
36.616492 -117.119064
49.017157 -121.403217
44.322051 -71.289001
44.201404 -71.602277
34.142995 -118.966612
45.96617 -123.682987
34.003363 -118.807353
47.343946 -88.451767
33.884988 -118.410902
37.250586 -111.956387
36.2509 -121.6847
36.423975 -116.825866
46.771614 -121.739501
33.65562 -118.003388
34.824211 -111.765346
33.44244 -111.336318
49.451722 -114.159536
39.990371 -105.291788
47.416676 -121.479027
30.332388 -98.246194
33.092188 -117.313814
35.372123 -120.867666
39.998443 -105.283291
44.343923 -68.176774
48.709087 -121.085815
36.4849 -114.533371
40.824721 -103.968429
32.923996 -117.258453
40.96731 -75.117902
39.642924 -105.592914
33.522077 -111.411495
46.294319 -122.341346
45.632893 -115.943849
31.914667 -109.976449
48.407553 -122.645702
34.27651 -116.923027
32.796767 -117.25605
45.758683 -122.244763
44.797729 -110.433593
47.515772 -121.999871
37.208807 -112.057778
37.341625 -112.009575
33.652315 -118.011054
37.276333 -118.720834
33.683782 -118.007583
32.955425 -116.598686
33.545368 -117.781532
23.198404 -106.427178
34.224533 -118.109764
30.247612 -87.682732
48.707721 -113.796279
48.771577 -113.666782
32.881046 -117.252638
34.193128 -77.804896
36.102515 -82.080874
34.037866 -77.894439
37.927294 -122.579827
31.53007 -110.265837
49.330842 -123.266558
40.400457 -111.601738
33.415506 -111.318465
37.848375 -79.077701
34.1236 -116.799087
44.327992 -71.280804
33.655101 -118.003854
35.331932 -94.781541
47.581736 -120.313425
45.941445 -68.851468
49.146036 -120.630054
49.376337 -121.374034
43.347324 -70.478475
37.596887 -122.504167
39.939529 -105.260284
34.239763 -118.084487
46.130125 -123.906126
38.871761 -104.891624
34.045903 -118.932666
33.453724 -111.479387
47.43935 -121.586551
27.066807 -80.114965
48.767165 -113.716821
39.581745 -105.672168
38.966506 -79.285669
39.995599 -105.282239
48.061833 -121.76215
44.326941 -71.287177
37.4631 -122.429321
33.387592 -117.591991
36.6116 -117.109279
49.080387 -125.856628
36.070192 -107.981872
48.071466 -124.013532
47.657446 -70.618353
33.353231 -112.022679
35.302193 -120.696455
46.929445 -121.813058
37.905199 -119.761962
33.653923 -118.003807
40.972559 -75.126271
39.661643 -105.204842
44.232377 -68.324875
46.83072 -122.317657
48.056119 -121.518545
33.65482 -118.003619
35.36694 -120.853417
48.787414 -113.666868
47.513128 -122.033815
43.558213 -73.995044
44.269972 -71.299788
44.327923 -71.279323
33.654718 -118.005545
44.281341 -71.317663
33.653516 -118.004397
44.49929 -63.827261
32.830774 -117.280941
32.954246 -116.60295
44.33407 -71.294944
36.446763 -114.517064
47.462465 -121.63942
45.295871 -121.792802
33.033132 -111.72409
37.013519 -117.545471
44.140441 -71.645901
36.691078 -117.585146
39.611242 -105.718737
47.508214 -121.742763
33.021906 -117.286434
43.868816 -110.545463
34.288628 -117.646687
42.614349 -70.668113
39.754786 -119.461603
43.332322 -124.374098
36.833289 -75.969278
43.961561 -71.273117
43.705732 -110.673437
33.410173 -111.3418
36.055344 -112.139854
44.127166 -121.760723
34.126029 -116.124526
28.367877 -80.601668
37.360828 -80.173523
41.395322 -76.66676
44.14853 -114.958668
39.735763 -105.256297
33.753841 -115.821311
36.24185 -121.80027
44.197897 -71.552581
37.593644 -119.019291
44.926951 -124.024744
38.456142 -78.375434
47.794475 -121.565008
37.72823 -119.174537
44.661193 -120.279082
33.35221 -117.530837
34.430664 -119.749431
33.780993 -116.518453
47.657443 -70.618356
33.59589 -117.883558
35.704391 -82.373514
35.44326 -120.898704
32.728004 -117.240493
47.81645 -121.448161
41.440635 -77.549915
39.345399 -120.913124
38.790185 -109.60728
33.59357 -117.881509
38.999237 -106.402513
33.655173 -118.002262
36.242888 -115.584068
36.583277 -118.715653
44.400046 -121.634616
44.230551 -71.078141
25.785319 -80.128676
37.6333 -122.494221
47.425582 -121.579783
45.296082 -121.792631
28.289331 -80.606206
44.118648 -73.824605
47.41628 -121.479097
36.817358 -118.091268
44.366078 -71.145572
36.106069 -82.101849
40.084605 -105.593655
33.736581 -118.108423
36.484693 -114.52496
42.300901 -72.588129
46.277059 -122.214403
37.25537 -112.959108
36.834139 -75.969965
40.145289 -74.023529
40.068059 -74.04173
44.115629 -71.32483
49.05733 -114.011995
40.604634 -74.802646
34.07407 -116.402077
43.982933 -114.961967
43.649584 -71.914353
39.644699 -74.179733
33.387976 -117.596025
38.790361 -104.903363
34.202929 -118.021917
44.34245 -68.194627
37.495888 -122.495973
37.777346 -122.515357
46.870475 -64.242424
42.191243 -74.070628
34.288867 -117.64674
37.009444 -122.193889
37.289413 -111.992014
33.103666 -116.588126
46.785104 -121.739158
37.775226 -122.511785
36.293833 -121.8345
46.911461 -64.915809
36.429466 -114.513072
33.257251 -111.162446
36.28106 -121.857776
36.96612 -122.124511
36.578295 -118.29341
36.578265 -118.29341
39.905239 -74.08152
34.09925 -116.824956
36.163309 -115.455515
38.902322 -120.094917
33.384582 -117.589244
33.653409 -118.005824
48.722522 -125.096917
46.763236 -121.55651
49.018958 -125.679473
37.243333 -118.825667
33.474265 -117.723741
39.391019 -106.078289
48.013008 -124.675941
36.831065 -75.968484
36.407157 -114.581909
44.137007 -73.998209
34.326709 -107.65932
49.385641 -123.076872
49.044844 -125.726766
47.433315 -121.779907
37.269365 -112.950911
44.857367 -86.066336
44.476757 -103.426408
49.678736 -123.148498
44.218938 -69.069499
42.646827 -73.995666
33.365875 -112.030377
34.224435 -118.061485
37.601911 -119.084742
37.296388 -111.997653
32.582025 -117.133655
42.867885 -72.119407
37.433252 -79.604444
26.892583 -80.055409
40.395412 -105.713174
45.188541 -67.275382
33.555994 -112.030873
40.373882 -105.584793
32.79651 -117.092285
32.679614 -117.179596
39.579732 -105.669422
32.218093 -110.722939
33.804175 -78.705893
45.828498 -111.644363
32.992107 -117.274932
38.907799 -120.096805
37.747885 -119.527816
33.386722 -117.594566
33.154996 -117.352137
43.927146 -103.478035
37.744084 -119.607907
34.847057 -111.763229
39.390872 -106.077681
49.816277 -122.962417
47.320385 -122.414109
37.722188 -119.603004
47.355716 -120.720949
49.137969 -120.615966
43.546852 -70.312812
37.9638 -122.7862
48.339692 -124.666371
33.362246 -117.543749
34.888425 -111.70098
44.660785 -120.279457
40.089826 -105.622215
48.956551 -121.644229
40.594957 -111.53994
37.26047 -111.921412
33.72823 -111.860368
36.14204 -82.04683
33.655597 -118.003683
45.904105 -68.919639
47.462508 -121.640802
34.838793 -92.492501
31.448105 -110.306768
37.812522 -107.780084
33.760953 -118.198299
48.552686 -110.41617
32.796401 -117.256844
47.531951 -123.246002
37.892449 -122.62875
43.346403 -71.155357
34.100433 -118.712768
49.647958 -123.190727
